%YAML:1.0
---
camera_0:
  00001:
    rotation_vector: !!opencv-matrix
      rows: 3
      cols: 1
      dt: f
      data: [0.30572021857088366, 0.9091186538781979, 0.15162904496317464]
    translation_vector: !!opencv-matrix
      rows: 3
      cols: 1
      dt: f
      data: [0.008105409953295126, 0.018532589764259796, 0.34087103186926104]
  00002:
    rotation_vector: !!opencv-matrix
      rows: 3
      cols: 1
      dt: f
      data: [-0.5575888392353296, 0.8510239183099837, -0.26085660717325077]
    translation_vector: !!opencv-matrix
      rows: 3
      cols: 1
      dt: f
      data: [-0.13620280546994698, -0.08425828131919952, 0.702291062543117]
  00003:
    rotation_vector: !!opencv-matrix
      rows: 3
      cols: 1
      dt: f
      data: [-0.7423131167674607, 1.1494416671606282, -0.5235216001864176]
    translation_vector: !!opencv-matrix
      rows: 3
      cols: 1
      dt: f
      data: [0.05441794713854148, 0.07529216925423211, 0.8774047790630177]
  00004:
    rotation_vector: !!opencv-matrix
      rows: 3
      cols: 1
      dt: f
      data: [0.019117049045371884, -0.5637119500711631, -0.005050941738072132]
    translation_vector: !!opencv-matrix
      rows: 3
      cols: 1
      dt: f
      data: [0.1476711237258937, -0.048907764110021304, 0.47660630648943275]
  00005:
    rotation_vector: !!opencv-matrix
      rows: 3
      cols: 1
      dt: f
      data: [0.8965888358715461, -0.12580301886795198, -0.060246982844096846]
    translation_vector: !!opencv-matrix
      rows: 3
      cols: 1
      dt: f
      data: [0.01672393982913507, 0.08827234239028252, 0.5203740518887049]
  00006:
    rotation_vector: !!opencv-matrix
      rows: 3
      cols: 1
      dt: f
      data: [0.5886214308535667, -0.6228872908225072, -0.19691605330691458]
    translation_vector: !!opencv-matrix
      rows: 3
      cols: 1
      dt: f
      data: [-0.09920741610005938, 0.07108579024741991, 0.2795449615580712]
  00007:
    rotation_vector: !!opencv-matrix
      rows: 3
      cols: 1
      dt: f
      data: [-0.06690072014465258, 0.04930720297156125, -0.001372553270974622]
    translation_vector: !!opencv-matrix
      rows: 3
      cols: 1
      dt: f
      data: [0.03226763372455276, -0.061867658128902235, 0.43951521137691035]
  00008:
    rotation_vector: !!opencv-matrix
      rows: 3
      cols: 1
      dt: f
      data: [-0.009938703402784906, 0.6931027595615349, -0.003406783923070334]
    translation_vector: !!opencv-matrix
      rows: 3
      cols: 1
      dt: f
      data: [0.05629213939850418, -0.05098578871515857, 0.397137584037871]
  00010:
    rotation_vector: !!opencv-matrix
      rows: 3
      cols: 1
      dt: f
      data: [0.6627353863900198, -0.9925185450627511, -0.38039839355087696]
    translation_vector: !!opencv-matrix
      rows: 3
      cols: 1
      dt: f
      data: [-0.06592144460864394, -0.05993145178528174, 0.38321423375098856]
  00012:
    rotation_vector: !!opencv-matrix
      rows: 3
      cols: 1
      dt: f
      data: [0.6015620481198498, 1.2666397571083152, 0.46949944741923283]
    translation_vector: !!opencv-matrix
      rows: 3
      cols: 1
      dt: f
      data: [0.07834792751930411, -0.08627312107929044, 0.7629925849455262]
  00013:
    rotation_vector: !!opencv-matrix
      rows: 3
      cols: 1
      dt: f
      data: [-0.18248697012593074, -0.8310076910508075, 0.07952071376317386]
    translation_vector: !!opencv-matrix
      rows: 3
      cols: 1
      dt: f
      data: [-0.29327577013848655, -0.050005217272656347, 0.5581707314817921]
  00014:
    rotation_vector: !!opencv-matrix
      rows: 3
      cols: 1
      dt: f
      data: [-0.42096039845902433, -0.2644821140880097, 0.05713965455854298]
    translation_vector: !!opencv-matrix
      rows: 3
      cols: 1
      dt: f
      data: [-0.0834458401166504, -0.10066934412152936, 0.6718743300289608]
  00015:
    rotation_vector: !!opencv-matrix
      rows: 3
      cols: 1
      dt: f
      data: [0.9365123073310503, 0.7363680076630881, 0.3979992983960143]
    translation_vector: !!opencv-matrix
      rows: 3
      cols: 1
      dt: f
      data: [0.07418983047565007, -0.09472949616347083, 0.5623623415812478]
  00016:
    rotation_vector: !!opencv-matrix
      rows: 3
      cols: 1
      dt: f
      data: [0.04016675894882851, -1.1048497626696334, -0.024454102460676842]
    translation_vector: !!opencv-matrix
      rows: 3
      cols: 1
      dt: f
      data: [-0.09325053816219166, -0.03893998143029653, 0.5208669207409025]
  00017:
    rotation_vector: !!opencv-matrix
      rows: 3
      cols: 1
      dt: f
      data: [0.3297321892659276, -0.999845939643376, -0.18300361730093348]
    translation_vector: !!opencv-matrix
      rows: 3
      cols: 1
      dt: f
      data: [-0.14016262194650994, -0.008820470107841405, 0.4737726475940463]
  00018:
    rotation_vector: !!opencv-matrix
      rows: 3
      cols: 1
      dt: f
      data: [-0.7228855450518139, 0.333318073622196, -0.12726221390251294]
    translation_vector: !!opencv-matrix
      rows: 3
      cols: 1
      dt: f
      data: [-0.15472545069950325, 0.07693509153465977, 0.4372539290393206]
  00019:
    rotation_vector: !!opencv-matrix
      rows: 3
      cols: 1
      dt: f
      data: [0.41385003493799344, -0.837976794967227, -0.18807175322320074]
    translation_vector: !!opencv-matrix
      rows: 3
      cols: 1
      dt: f
      data: [-0.09129424751920748, 0.10114586464926653, 0.846053242459259]
  00020:
    rotation_vector: !!opencv-matrix
      rows: 3
      cols: 1
      dt: f
      data: [0.2890186557111051, 0.9981060658485481, 0.15943557603161596]
    translation_vector: !!opencv-matrix
      rows: 3
      cols: 1
      dt: f
      data: [0.0707180269827653, -0.11605947026125124, 0.6696423793355448]
  00021:
    rotation_vector: !!opencv-matrix
      rows: 3
      cols: 1
      dt: f
      data: [-0.18908670599173721, -1.1713299823777188, 0.12637281677957976]
    translation_vector: !!opencv-matrix
      rows: 3
      cols: 1
      dt: f
      data: [-0.19837635686088906, -0.07630514249124476, 0.6592624169075209]
  00022:
    rotation_vector: !!opencv-matrix
      rows: 3
      cols: 1
      dt: f
      data: [-0.8534174686278198, -0.1127124105795042, 0.05195432989160262]
    translation_vector: !!opencv-matrix
      rows: 3
      cols: 1
      dt: f
      data: [-0.28346403574513557, -0.0355116920340829, 0.6282619941747893]
  00023:
    rotation_vector: !!opencv-matrix
      rows: 3
      cols: 1
      dt: f
      data: [-0.6880419352381031, 0.08375707214334048, -0.02947416605200987]
    translation_vector: !!opencv-matrix
      rows: 3
      cols: 1
      dt: f
      data: [-0.09372954826557363, -0.16253121363055345, 0.46238597088267186]
  00024:
    rotation_vector: !!opencv-matrix
      rows: 3
      cols: 1
      dt: f
      data: [-0.5623035070675895, -1.0148372966943562, 0.32561797639406337]
    translation_vector: !!opencv-matrix
      rows: 3
      cols: 1
      dt: f
      data: [-0.174404047642623, -0.12097999865064289, 0.3813712507780209]
  00025:
    rotation_vector: !!opencv-matrix
      rows: 3
      cols: 1
      dt: f
      data: [-0.3881943393890841, -0.13867229297933154, 0.027320688113329255]
    translation_vector: !!opencv-matrix
      rows: 3
      cols: 1
      dt: f
      data: [0.15634279658555814, -0.1346763165390064, 0.5610658296346576]
  00026:
    rotation_vector: !!opencv-matrix
      rows: 3
      cols: 1
      dt: f
      data: [-0.0396676826339906, -0.42840609837622207, 0.009068937227401815]
    translation_vector: !!opencv-matrix
      rows: 3
      cols: 1
      dt: f
      data: [0.17802659797636802, -0.053644767769560994, 0.4393772576124545]
  00027:
    rotation_vector: !!opencv-matrix
      rows: 3
      cols: 1
      dt: f
      data: [0.4337696342189302, -1.1102945092779322, -0.27564698461915865]
    translation_vector: !!opencv-matrix
      rows: 3
      cols: 1
      dt: f
      data: [0.0007543417557938055, -0.12615076130208397, 0.5222399756850812]
