%YAML:1.0
---
camera_1:
  00001:
    rotation_vector: !!opencv-matrix
      rows: 3
      cols: 1
      dt: f
      data: [0.3064330725185324, 0.9098535102890196, 0.15126889403082774]
    translation_vector: !!opencv-matrix
      rows: 3
      cols: 1
      dt: f
      data: [-0.0650880140742508, 0.018530268725512552, 0.3409743677996557]
  00002:
    rotation_vector: !!opencv-matrix
      rows: 3
      cols: 1
      dt: f
      data: [-0.5590242879298355, 0.8482897805127073, -0.26148995452467205]
    translation_vector: !!opencv-matrix
      rows: 3
      cols: 1
      dt: f
      data: [-0.20951896575206952, -0.08424900382172651, 0.7024450210238404]
  00003:
    rotation_vector: !!opencv-matrix
      rows: 3
      cols: 1
      dt: f
      data: [-0.7398512862870787, 1.1531027949394337, -0.5179605780766486]
    translation_vector: !!opencv-matrix
      rows: 3
      cols: 1
      dt: f
      data: [-0.018402553204313152, 0.07455744254778074, 0.8769333987275144]
  00004:
    rotation_vector: !!opencv-matrix
      rows: 3
      cols: 1
      dt: f
      data: [0.019265401147297107, -0.5633909625086349, -0.0052129968001900645]
    translation_vector: !!opencv-matrix
      rows: 3
      cols: 1
      dt: f
      data: [0.07442375553840862, -0.04894748872276934, 0.4769014478907202]
  00005:
    rotation_vector: !!opencv-matrix
      rows: 3
      cols: 1
      dt: f
      data: [0.8965141731071701, -0.1251070483428248, -0.060643265511330036]
    translation_vector: !!opencv-matrix
      rows: 3
      cols: 1
      dt: f
      data: [-0.05660965574128699, 0.08823777587009903, 0.5205371554722524]
  00006:
    rotation_vector: !!opencv-matrix
      rows: 3
      cols: 1
      dt: f
      data: [0.5896689191738819, -0.6232620233513333, -0.19679513149703554]
    translation_vector: !!opencv-matrix
      rows: 3
      cols: 1
      dt: f
      data: [-0.17228405066366023, 0.07104724303505786, 0.27932825852648335]
  00007:
    rotation_vector: !!opencv-matrix
      rows: 3
      cols: 1
      dt: f
      data: [-0.06702538831795436, 0.0486233334475869, -0.001507275674639407]
    translation_vector: !!opencv-matrix
      rows: 3
      cols: 1
      dt: f
      data: [-0.04093530839697352, -0.061902607555082555, 0.4394866432704438]
  00008:
    rotation_vector: !!opencv-matrix
      rows: 3
      cols: 1
      dt: f
      data: [-0.009616946661690724, 0.6934491617061507, -0.003448657852181695]
    translation_vector: !!opencv-matrix
      rows: 3
      cols: 1
      dt: f
      data: [-0.01691055591366235, -0.051030929826160025, 0.39709521625178323]
  00010:
    rotation_vector: !!opencv-matrix
      rows: 3
      cols: 1
      dt: f
      data: [0.6623961193001197, -0.9931304367979571, -0.3806538094041978]
    translation_vector: !!opencv-matrix
      rows: 3
      cols: 1
      dt: f
      data: [-0.13909651902889703, -0.05996680876820847, 0.3833061255163147]
  00013:
    rotation_vector: !!opencv-matrix
      rows: 3
      cols: 1
      dt: f
      data: [-0.18388559287693398, -0.8305658311972367, 0.07898846182239212]
    translation_vector: !!opencv-matrix
      rows: 3
      cols: 1
      dt: f
      data: [-0.36649554607151424, -0.050046148474876054, 0.5579420521578426]
  00014:
    rotation_vector: !!opencv-matrix
      rows: 3
      cols: 1
      dt: f
      data: [-0.4205040042043336, -0.26451812447847206, 0.05714389268872017]
    translation_vector: !!opencv-matrix
      rows: 3
      cols: 1
      dt: f
      data: [-0.15671967075341287, -0.10071503208543453, 0.6718907925988191]
  00015:
    rotation_vector: !!opencv-matrix
      rows: 3
      cols: 1
      dt: f
      data: [0.9359720311052276, 0.7363575406855926, 0.39785211848211927]
    translation_vector: !!opencv-matrix
      rows: 3
      cols: 1
      dt: f
      data: [0.0009653655503716765, -0.09479224435643258, 0.5624719774795129]
  00016:
    rotation_vector: !!opencv-matrix
      rows: 3
      cols: 1
      dt: f
      data: [0.039741648430362986, -1.1054143930478757, -0.024871361733826883]
    translation_vector: !!opencv-matrix
      rows: 3
      cols: 1
      dt: f
      data: [-0.16651471717560065, -0.03897163228552753, 0.5205671375516228]
  00017:
    rotation_vector: !!opencv-matrix
      rows: 3
      cols: 1
      dt: f
      data: [0.32941745065855443, -1.0001749305025167, -0.18328747506075213]
    translation_vector: !!opencv-matrix
      rows: 3
      cols: 1
      dt: f
      data: [-0.2133993231373516, -0.008857299696778228, 0.47380692883662756]
  00018:
    rotation_vector: !!opencv-matrix
      rows: 3
      cols: 1
      dt: f
      data: [-0.72268432197431, 0.3328516014284271, -0.12744498035702706]
    translation_vector: !!opencv-matrix
      rows: 3
      cols: 1
      dt: f
      data: [-0.22794015172713555, 0.07688068793381642, 0.43727447343224524]
  00019:
    rotation_vector: !!opencv-matrix
      rows: 3
      cols: 1
      dt: f
      data: [0.41412761554992267, -0.8381923771969236, -0.18793391859386574]
    translation_vector: !!opencv-matrix
      rows: 3
      cols: 1
      dt: f
      data: [-0.1645468897775946, 0.10100135818013461, 0.8455248382250375]
  00020:
    rotation_vector: !!opencv-matrix
      rows: 3
      cols: 1
      dt: f
      data: [0.289887805495108, 0.9980860363263291, 0.15927009227106628]
    translation_vector: !!opencv-matrix
      rows: 3
      cols: 1
      dt: f
      data: [-0.0025982144073504626, -0.11608753189143849, 0.6694031273277462]
  00021:
    rotation_vector: !!opencv-matrix
      rows: 3
      cols: 1
      dt: f
      data: [-0.1903171237740345, -1.1713732365824834, 0.12566141813249496]
    translation_vector: !!opencv-matrix
      rows: 3
      cols: 1
      dt: f
      data: [-0.2716567326535818, -0.07634296466752519, 0.6589916965169933]
  00022:
    rotation_vector: !!opencv-matrix
      rows: 3
      cols: 1
      dt: f
      data: [-0.8526270483940501, -0.11304556989109617, 0.05163793436640423]
    translation_vector: !!opencv-matrix
      rows: 3
      cols: 1
      dt: f
      data: [-0.35679517253752924, -0.03557317490639207, 0.6283140073053477]
  00023:
    rotation_vector: !!opencv-matrix
      rows: 3
      cols: 1
      dt: f
      data: [-0.6880016274917401, 0.08346143812108367, -0.029942633729659034]
    translation_vector: !!opencv-matrix
      rows: 3
      cols: 1
      dt: f
      data: [-0.16699207103877925, -0.1625586497923071, 0.4624066217340477]
  00024:
    rotation_vector: !!opencv-matrix
      rows: 3
      cols: 1
      dt: f
      data: [-0.5613189893784688, -1.015746425632285, 0.3255715315972871]
    translation_vector: !!opencv-matrix
      rows: 3
      cols: 1
      dt: f
      data: [-0.2475033578861713, -0.12099779094368267, 0.3812763560375209]
  00025:
    rotation_vector: !!opencv-matrix
      rows: 3
      cols: 1
      dt: f
      data: [-0.3883065183702139, -0.1392968121398205, 0.02719888048102321]
    translation_vector: !!opencv-matrix
      rows: 3
      cols: 1
      dt: f
      data: [0.0831000463826167, -0.13472614535386332, 0.5611642096984545]
  00026:
    rotation_vector: !!opencv-matrix
      rows: 3
      cols: 1
      dt: f
      data: [-0.03968149422490402, -0.42988665686723365, 0.008833260198954081]
    translation_vector: !!opencv-matrix
      rows: 3
      cols: 1
      dt: f
      data: [0.10481645300087324, -0.05368048290329389, 0.43958285223167204]
  00027:
    rotation_vector: !!opencv-matrix
      rows: 3
      cols: 1
      dt: f
      data: [0.43367372264288917, -1.1105997043985425, -0.27577231443407224]
    translation_vector: !!opencv-matrix
      rows: 3
      cols: 1
      dt: f
      data: [-0.07249215875494254, -0.12608173717234925, 0.5218369517989192]
  00029:
    rotation_vector: !!opencv-matrix
      rows: 3
      cols: 1
      dt: f
      data: [0.22868663968905498, -0.9773347147084502, -0.12229004803976236]
    translation_vector: !!opencv-matrix
      rows: 3
      cols: 1
      dt: f
