%YAML:1.0
---
camera_1:
  00001:
    points: !!opencv-matrix
      rows: 2
      cols: 21
      dt: f
      data: [650.98583984375, 701.1322021484375, 756.9121704101562, 817.4715576171875, 885.236083984375, 961.05419921875, 656.1981811523438, 705.2908325195312, 760.0752563476562, 819.118408203125, 886.4046020507812, 959.3544311523438, 661.0062255859375, 709.41015625, 763.0891723632812, 821.6253662109375, 886.5458984375, 665.6812133789062, 713.44921875, 766.1804809570312, 823.3922119140625, 895.693359375, 931.7420043945312, 972.1353759765625, 1016.0199584960938, 1066.0697021484375, 1120.0816650390625, 982.341796875, 1021.8326416015625, 1065.7666015625, 1113.8184814453125, 1167.1644287109375, 1226.3240966796875, 1067.123291015625, 1109.63427734375, 1156.77734375, 1208.13232421875, 1265.5667724609375, 1147.56591796875, 1193.004150390625, 1243.038818359375, 1297.374267578125]
  00002:
    points: !!opencv-matrix
      rows: 2
      cols: 20
      dt: f
      data: [437.7324523925781, 507.5739440917969, 532.4835815429688, 559.2760620117188, 428.83349609375, 500.03204345703125, 525.4937744140625, 551.9935302734375, 421.5293884277344, 443.92987060546875, 468.0149230957031, 492.88348388671875, 518.4540405273438, 545.5496215820312, 412.48590087890625, 435.88592529296875, 459.3483581542969, 484.87823486328125, 511.8945617675781, 538.0985717773438, 502.1415710449219, 424.9498291015625, 397.21539306640625, 367.6876525878906, 539.4390258789062, 463.19091796875, 435.444580078125, 407.1043701171875, 578.1731567382812, 552.698974609375, 529.072509765625, 502.82763671875, 475.8583068847656, 447.2772521972656, 618.070068359375, 594.3963623046875, 570.1590576171875, 544.0780029296875, 516.4168090820312, 489.24688720703125]
  00003:
    points: !!opencv-matrix
      rows: 2
      cols: 8
      dt: f
      data: [942.5, 957.0565185546875, 888.1072998046875, 901.0, 957.37744140625, 886.1048583984375, 900.9746704101562, 958.9970703125, 748.4166259765625, 720.6251220703125, 886.130615234375, 859.4166259765625, 749.0833740234375, 915.7095336914062, 890.788818359375, 779.6942138671875]
  00004:
    points: !!opencv-matrix
      rows: 2
      cols: 24
      dt: f
      data: [1217.827880859375, 1266.080810546875, 1313.522216796875, 1358.1002197265625, 1401.61474609375, 1442.7998046875, 1217.310302734375, 1266.1153564453125, 1313.128173828125, 1357.8787841796875, 1401.098388671875, 1442.3001708984375, 1217.16064453125, 1265.771484375, 1312.9051513671875, 1357.2965087890625, 1400.863037109375, 1441.9300537109375, 1216.6871337890625, 1265.653076171875, 1312.2515869140625, 1357.1651611328125, 1400.2318115234375, 1441.69482421875, 588.4061279296875, 589.47314453125, 591.17626953125, 592.3117065429688, 593.9824829101562, 594.9208374023438, 655.0449829101562, 655.0008544921875, 655.080810546875, 655.062744140625, 654.8707275390625, 654.9932250976562, 722.7409057617188, 721.109619140625, 719.8964233398438, 718.2193603515625, 717.2696533203125, 715.9133911132812, 788.8624267578125, 785.9816284179688, 783.2015380859375, 780.7161254882812, 777.9138793945312, 775.5498046875]
  00005:
    points: !!opencv-matrix
      rows: 2
      cols: 24
      dt: f
      data: [799.7980346679688, 859.9307250976562, 920.4546508789062, 979.7848510742188, 1039.107421875, 1098.0679931640625, 802.9913330078125, 861.1956787109375, 920.2245483398438, 977.6107177734375, 1036.0953369140625, 1092.8427734375, 806.0247192382812, 862.8518676757812, 920.034423828125, 975.5584716796875, 1032.34716796875, 1087.8330078125, 808.8402099609375, 863.8909301757812, 919.91943359375, 974.0238647460938, 1029.497802734375, 1083.5147705078125, 985.6976318359375, 978.36474609375, 971.0983276367188, 963.9320068359375, 956.9708251953125, 949.623779296875, 1013.88232421875, 1006.7252197265625, 999.531494140625, 992.63720703125, 985.3064575195312, 978.6178588867188, 1040.8167724609375, 1033.927734375, 1026.7149658203125, 1019.84814453125, 1012.980224609375, 1005.8883056640625, 1066.0479736328125, 1059.2357177734375, 1052.1632080078125, 1045.6629638671875, 1038.5172119140625, 1031.7857666015625]
  00006:
    points: !!opencv-matrix
      rows: 2
      cols: 22
      dt: f
      data: [172.1963653564453, 277.3537902832031, 374.9302062988281, 468.0655822753906, 554.563720703125, 198.4394989013672, 299.22528076171875, 392.8515319824219, 482.5495300292969, 566.0680541992188, 122.12809753417969, 223.2031707763672, 319.88665771484375, 409.8990783691406, 496.1994934082031, 575.8482666015625, 149.0526123046875, 245.99612426757812, 338.9698181152344, 425.6190185546875, 508.8468933105469, 586.8200073242188, 1073.93896484375, 1026.4857177734375, 982.6146240234375, 940.6001586914062, 901.6044921875, 1142.8746337890625, 1095.044677734375, 1050.6199951171875, 1008.068603515625, 968.3861083984375, 1258.2386474609375, 1208.024169921875, 1159.921875, 1115.1552734375, 1072.1719970703125, 1032.0980224609375, 1318.2275390625, 1267.94287109375, 1219.728515625, 1174.761962890625, 1131.5963134765625, 1091.0938720703125]
  00007:
    points: !!opencv-matrix
      rows: 2
      cols: 24
      dt: f
      data: [833.2607421875, 907.4097900390625, 983.1649169921875, 1058.0211181640625, 1134.3204345703125, 1209.9388427734375, 832.9393920898438, 907.6031494140625, 983.2496337890625, 1058.479248046875, 1134.8985595703125, 1210.8670654296875, 832.8444213867188, 907.3992919921875, 983.6174926757812, 1058.924072265625, 1135.771728515625, 1211.751953125, 832.4005737304688, 907.6466674804688, 983.673828125, 1059.42724609375, 1136.220947265625, 1212.7847900390625, 529.048095703125, 528.2752685546875, 527.8949584960938, 527.1246948242188, 526.8781127929688, 525.8457641601562, 602.9716796875, 602.6536254882812, 602.0810546875, 601.9024658203125, 601.065185546875, 601.1015625, 678.442626953125, 678.0639038085938, 677.963623046875, 677.5650634765625, 677.5520629882812, 676.9195556640625, 753.1853637695312, 753.1038208007812, 753.041015625, 753.0393676757812, 752.7718505859375, 752.9032592773438]
  00008:
    points: !!opencv-matrix
      rows: 2
      cols: 24
      dt: f
      data: [905.1534423828125, 972.2078857421875, 1045.1138916015625, 1122.2723388671875, 1206.5811767578125, 1296.32763671875, 905.0712280273438, 972.2474365234375, 1045.1549072265625, 1122.3717041015625, 1206.76611328125, 1296.558837890625, 905.1712646484375, 972.26953125, 1045.2164306640625, 1122.509033203125, 1206.92138671875, 1296.78173828125, 905.13671875, 972.3463745117188, 1045.304443359375, 1122.6328125, 1207.06103515625, 1296.966796875, 553.5477905273438, 548.375, 542.9205932617188, 537.01806640625, 530.586181640625, 523.7532348632812, 637.9793701171875, 635.8934326171875, 633.5126953125, 630.9757690429688, 628.1867065429688, 625.226806640625, 724.069580078125, 724.8050537109375, 725.603759765625, 726.4440307617188, 727.3547973632812, 728.3341674804688, 808.7380981445312, 812.3428344726562, 816.4174194335938, 820.6306762695312, 825.172607421875, 830.054931640625]
  00010:
    points: !!opencv-matrix
      rows: 2
      cols: 24
      dt: f
      data: [396.565673828125, 450.94989013671875, 502.9285888671875, 550.88232421875, 597.3493041992188, 640.2799072265625, 412.7470397949219, 465.028564453125, 515.0328369140625, 561.5548095703125, 605.9615478515625, 647.9427490234375, 428.1363830566406, 478.474853515625, 526.5927734375, 571.3223266601562, 614.74853515625, 654.8637084960938, 442.4554443359375, 490.91522216796875, 537.3591918945312, 580.8428955078125, 622.3890991210938, 661.7293090820312, 459.953125, 422.47540283203125, 386.6597595214844, 353.38836669921875, 321.5064697265625, 291.6613464355469, 524.29150390625, 486.0380859375, 449.4718933105469, 415.37884521484375, 382.7794189453125, 352.22802734375, 585.613525390625, 546.7320556640625, 509.46917724609375, 474.8843688964844, 441.4176940917969, 410.23193359375, 642.3534545898438, 603.0228881835938, 565.34375, 530.0926513671875, 496.2939758300781, 464.5020446777344]
  00012:
    points: !!opencv-matrix
      rows: 2
      cols: 3
