%YAML:1.0
---
camera_0:
  00001:
    points: !!opencv-matrix
      rows: 2
      cols: 21
      dt: f
      data: [1010.766357421875, 1077.760009765625, 1152.207275390625, 1233.50927734375, 1325.0089111328125, 1425.7960205078125, 1008.9922485351562, 1074.0618896484375, 1147.2301025390625, 1226.2236328125, 1315.4324951171875, 1413.1575927734375, 1006.9075927734375, 1071.1319580078125, 1142.0548095703125, 1219.6044921875, 1306.1270751953125, 1005.2842407226562, 1067.9237060546875, 1137.801513671875, 1212.55615234375, 895.5709838867188, 931.7581787109375, 972.0584716796875, 1016.0350341796875, 1065.565185546875, 1120.09326171875, 982.3212890625, 1021.9320068359375, 1065.77197265625, 1113.41015625, 1167.1673583984375, 1226.1246337890625, 1067.0611572265625, 1109.62353515625, 1156.788330078125, 1208.1156005859375, 1265.615966796875, 1147.5101318359375, 1192.8463134765625, 1243.06201171875, 1297.2315673828125]
  00002:
    points: !!opencv-matrix
      rows: 2
      cols: 24
      dt: f
      data: [613.5274658203125, 639.1911010742188, 665.93603515625, 693.4166259765625, 722.5247192382812, 753.0045166015625, 608.2283935546875, 634.425048828125, 661.724365234375, 689.5435791015625, 719.0009765625, 749.4993896484375, 603.325927734375, 629.2679443359375, 657.158935546875, 685.4412231445312, 715.5537719726562, 746.3363037109375, 597.9202270507812, 624.4924926757812, 652.4147338867188, 681.477783203125, 711.9686889648438, 743.24853515625, 502.0784606933594, 476.90570068359375, 451.727294921875, 423.83331298828125, 397.20623779296875, 367.94091796875, 539.4483032226562, 514.9708862304688, 489.14935302734375, 463.16986083984375, 435.4798889160156, 407.06268310546875, 578.1568603515625, 554.06201171875, 529.0418701171875, 503.1786804199219, 475.8999328613281, 447.5550842285156, 618.0167236328125, 594.3698120117188, 569.7154541015625, 543.9315185546875, 516.7703247070312, 489.224365234375]
  00003:
    points: !!opencv-matrix
      rows: 2
      cols: 20
      dt: f
      data: [1029.060302734375, 1073.7825927734375, 1090.781982421875, 1107.7127685546875, 1030.21923828125, 1077.493896484375, 1094.5137939453125, 1111.0474853515625, 1033.2847900390625, 1047.8626708984375, 1064.5260009765625, 1081.1878662109375, 1097.829345703125, 1114.4537353515625, 1034.8311767578125, 1051.1160888671875, 1067.4468994140625, 1084.04638671875, 1101.810546875, 1119.0682373046875, 828.527587890625, 749.7536010742188, 721.5136108398438, 691.9060668945312, 856.44970703125, 777.6011962890625, 748.4725341796875, 720.6077270507812, 886.0908203125, 860.4849853515625, 833.9865112304688, 805.7728881835938, 778.541748046875, 749.058349609375, 916.588623046875, 890.7471923828125, 864.6567993164062, 837.0421142578125, 807.7771606445312, 779.7792358398438]
  00004:
    points: !!opencv-matrix
      rows: 2
      cols: 24
      dt: f
      data: [1462.9608154296875, 1506.12744140625, 1548.3724365234375, 1588.1280517578125, 1626.9688720703125, 1663.74755859375, 1462.2828369140625, 1505.9871826171875, 1547.9200439453125, 1587.76123046875, 1626.252685546875, 1663.129150390625, 1462.066162109375, 1505.197021484375, 1547.2620849609375, 1587.1025390625, 1625.8885498046875, 1662.4466552734375, 1461.2279052734375, 1504.8642578125, 1546.822998046875, 1586.786865234375, 1625.0452880859375, 1661.9827880859375, 588.4258422851562, 589.6023559570312, 591.0822143554688, 592.2162475585938, 593.9480590820312, 594.92578125, 654.9674682617188, 654.90283203125, 655.0375366210938, 655.0195922851562, 654.77490234375, 654.9501342773438, 722.59814453125, 721.1246948242188, 719.8706665039062, 718.4912719726562, 717.2021484375, 715.9071044921875, 788.8231201171875, 786.1543579101562, 783.3714599609375, 780.5528564453125, 777.7975463867188, 775.7796630859375]
  00005:
    points: !!opencv-matrix
      rows: 2
      cols: 24
      dt: f
      data: [1022.2223510742188, 1081.5655517578125, 1141.438232421875, 1200.1553955078125, 1259.1370849609375, 1317.0838623046875, 1019.0606689453125, 1076.8365478515625, 1135.0994873046875, 1191.7071533203125, 1249.029541015625, 1305.6265869140625, 1016.1332397460938, 1072.0657958984375, 1128.9107666015625, 1183.950439453125, 1240.3671875, 1295.0107421875, 1013.2676391601562, 1067.9530029296875, 1123.197509765625, 1177.075927734375, 1230.8812255859375, 1285.056884765625, 985.6189575195312, 978.3551635742188, 971.1005249023438, 963.979248046875, 956.7581176757812, 949.5693359375, 1013.9046630859375, 1006.7252197265625, 999.5309448242188, 992.651123046875, 985.2086181640625, 978.6593627929688, 1040.8095703125, 1033.923095703125, 1026.7330322265625, 1019.81982421875, 1012.8267822265625, 1005.9013671875, 1066.06884765625, 1059.17041015625, 1052.14404296875, 1045.456787109375, 1038.3353271484375, 1031.8167724609375]
  00006:
    points: !!opencv-matrix
      rows: 2
      cols: 24
      dt: f
      data: [458.9961853027344, 556.9878540039062, 650.2219848632812, 736.6004028320312, 819.3578491210938, 895.8486938476562, 475.603759765625, 569.5783081054688, 659.2627563476562, 742.6022338867188, 821.4703979492188, 896.8047485351562, 491.15960693359375, 581.4547729492188, 667.791259765625, 748.0133056640625, 825.21435546875, 896.88427734375, 505.5203552246094, 592.339111328125, 675.697021484375, 753.2344970703125, 827.5238647460938, 897.7474365234375, 1123.679931640625, 1073.93359375, 1026.492919921875, 982.6823120117188, 940.5805053710938, 901.5076904296875, 1192.9737548828125, 1142.8612060546875, 1095.0457763671875, 1050.61474609375, 1008.3053588867188, 968.3880615234375, 1258.236083984375, 1208.025390625, 1159.9033203125, 1115.2064208984375, 1072.1649169921875, 1032.17919921875, 1318.220703125, 1267.927734375, 1219.7298583984375, 1174.771728515625, 1131.7423095703125, 1091.085693359375]
  00007:
    points: !!opencv-matrix
      rows: 2
      cols: 24
      dt: f
      data: [1106.6083984375, 1181.336669921875, 1257.764892578125, 1333.14892578125, 1410.10693359375, 1486.3096923828125, 1107.057861328125, 1182.250244140625, 1258.62841796875, 1334.421875, 1411.4727783203125, 1488.04736328125, 1107.793701171875, 1183.018310546875, 1259.80029296875, 1335.7496337890625, 1413.1297607421875, 1489.8111572265625, 1108.1761474609375, 1183.9974365234375, 1260.719970703125, 1337.061767578125, 1414.5302734375, 1491.686279296875, 529.065185546875, 528.30224609375, 527.9173583984375, 527.12890625, 526.866943359375, 525.87255859375, 602.9891967773438, 602.68701171875, 602.093505859375, 601.9086303710938, 601.0650634765625, 601.113037109375, 678.4436645507812, 678.1248168945312, 677.9481201171875, 677.6196899414062, 677.5909423828125, 676.9423217773438, 753.2125854492188, 753.13818359375, 753.0634765625, 753.0358276367188, 752.787353515625, 752.9048461914062]
  00008:
    points: !!opencv-matrix
      rows: 2
      cols: 20
      dt: f
      data: [1216.2763671875, 1294.0218505859375, 1378.46826171875, 1467.902587890625, 1565.603759765625, 1669.6337890625, 1216.37841796875, 1294.1790771484375, 1378.739501953125, 1468.169677734375, 1216.6297607421875, 1294.3736572265625, 1378.943359375, 1468.48486328125, 1216.7725830078125, 1294.588623046875, 1379.1759033203125, 1468.7857666015625, 1566.6865234375, 1670.88671875, 553.57470703125, 548.43017578125, 542.9066772460938, 537.0125732421875, 530.588623046875, 523.7575073242188, 638.104248046875, 635.9339599609375, 633.5584106445312, 630.9774169921875, 724.069580078125, 724.8182373046875, 725.5895385742188, 726.4308471679688, 808.8117065429688, 812.468017578125, 816.4341430664062, 820.6304931640625, 825.1786499023438, 830.0494995117188]
  00010:
    points: !!opencv-matrix
      rows: 2
      cols: 24
      dt: f
